v 1.0 1.0 3.0
v 3.0 1.0 3.0
v 3.0 3.0 3.0
v 1.0 3.0 3.0
v 1.0 1.0 1.0
v 3.0 1.0 1.0
v 3.0 3.0 1.0
v 1.0 3.0 1.0

v 4.0 1.0 3.0
v 6.0 1.0 3.0
v 6.0 3.0 3.0
v 4.0 3.0 3.0
v 4.0 1.0 1.0
v 6.0 1.0 1.0
v 6.0 3.0 1.0
v 4.0 3.0 1.0

v 1.0 1.0 0.0
v 3.0 1.0 0.0
v 3.0 3.0 0.0
v 1.0 3.0 0.0
v 1.0 1.0 -2.0
v 3.0 1.0 -2.0
v 3.0 3.0 -2.0
v 1.0 3.0 -2.0

v 4.0 1.0 0.0
v 6.0 1.0 0.0
v 6.0 3.0 0.0
v 4.0 3.0 0.0
v 4.0 1.0 -2.0
v 6.0 1.0 -2.0
v 6.0 3.0 -2.0
v 4.0 3.0 -2.0

v 1.0 4.0 3.0
v 3.0 4.0 3.0
v 3.0 6.0 3.0
v 1.0 6.0 3.0
v 1.0 4.0 1.0
v 3.0 4.0 1.0
v 3.0 6.0 1.0
v 1.0 6.0 1.0

v 4.0 4.0 3.0
v 6.0 4.0 3.0
v 6.0 6.0 3.0
v 4.0 6.0 3.0
v 4.0 4.0 1.0
v 6.0 4.0 1.0
v 6.0 6.0 1.0
v 4.0 6.0 1.0

v 1.0 4.0 0.0
v 3.0 4.0 0.0
v 3.0 6.0 0.0
v 1.0 6.0 0.0
v 1.0 4.0 -2.0
v 3.0 4.0 -2.0
v 3.0 6.0 -2.0
v 1.0 6.0 -2.0

v 4.0 4.0 0.0
v 6.0 4.0 0.0
v 6.0 6.0 0.0
v 4.0 6.0 0.0
v 4.0 4.0 -2.0
v 6.0 4.0 -2.0
v 6.0 6.0 -2.0
v 4.0 6.0 -2.0

p 1 2 6 5
p 2 3 7 6
p 3 4 8 7
p 4 1 5 8
p 1 2 3 4
p 5 6 7 8

p 9 10 14 13
p 10 11 15 14
p 11 12 16 15
p 12 9 13 16
p 9 10 11 12
p 13 14 15 16

p 17 18 22 21
p 18 19 23 22
p 19 20 24 23
p 20 17 21 24
p 17 18 19 20
p 21 22 23 24

p 25 26 30 29
p 26 27 31 30
p 27 28 32 31
p 28 25 29 32
p 25 26 27 28
p 29 30 31 32

p 33 34 38 37
p 34 35 39 38
p 35 36 40 39
p 36 33 37 40
p 33 34 35 36
p 37 38 39 40

p 41 42 46 45
p 42 43 47 46
p 43 44 48 47
p 44 41 45 48
p 41 42 43 44
p 45 46 47 48

p 49 50 54 53
p 50 51 55 54
p 51 52 56 55
p 52 49 53 56
p 49 50 51 52
p 53 54 55 56

p 57 58 62 61
p 58 59 63 62
p 59 60 64 63
p 60 57 61 64
p 57 58 59 60
p 61 62 63 64
